0:SP
1:_
2-9:()*+,-./
10-19:0-9
20-26::;<=>?@
27-52:A-Z
:
0 SP:
0000
0000
0000
0000
1 _:
0000
0000
0000
1111
2 (:
0010
0100
0100
0010
3 ):
0100
0010
0010
0100
4 *:
0101
0010
0101
0000
5 +:
0000
0010
0111
0010
6 ,:
0000
0000
0010
0010
7 -:
0000
0000
0111
0000
8 .:
0000
0000
0010
0000
9 /:
0001
0010
0100
1000
10 0:
1111
1011
1101
1111
11 1:
0010
0110
0010
1111
12 2:
0110
1001
0010
1111
13 3:
1111
0111
0001
1111
14 4:
1000
1010
1111
0010
15 5:
1111
1100
0011
1111
16 6:
1111
1100
1011
1111
17 7:
1111
0001
0010
0100
18 8:
0111
0101
1010
1110
19 9:
1111
1101
0011
1111
20 ::
0010
0000
0010
0000
21 ;:
0010
0000
0010
0010
22 <:
0010
0100
0010
0000
23 =:
1111
0000
1111
0000
24 >:
0100
0010
0100
0000
25 ?:
0110
1001
0010
0010
26 @:
0110
1101
1011
0111
27 A:
0110
1001
1111
1001
28 B:
1110
1010
1101
1111
29 C:
0111
1000
1000
0111
30 D:
1110
1001
1001
1110
31 E:
1111
1110
1000
1111
32 F:
1111
1000
1110
1000
33 G:
0111
1000
1011
0111
34 H:
1001
1111
1001
1001
35 I:
1110
0100
0100
1110
36 J:
1111
0010
1010
0100
37 K:
1010
1100
1010
1001
38 L:
1000
1000
1000
1110
39 M:
1111
1011
1001
1001
40 N:
1001
1101
1011
1001
41 O:
0110
1001
1001
0110
42 P:
1110
1001
1110
1000
43 Q:
0110
1001
1011
0111
44 R:
1110
1001
1110
1001
45 S:
0111
1100
0011
1110
46 T:
1111
0100
0100
0100
47 U:
1001
1001
1001
0110
48 V:
1010
1010
0100
0100
49 W:
1001
1001
1011
1111
50 X:
1001
0110
0110
1001
51 Y:
1001
1111
0100
0100
52 Z:
1111
0010
0100
1111